0 0.469202 0.157762 0.074796 0.062854
0 0.447517 0.291326 0.054054 0.055940
0 0.300126 0.255814 0.064739 0.062854
0 0.390321 0.369579 0.077938 0.061596
0 0.359208 0.427404 0.068510 0.045255
0 0.582338 0.461345 0.076053 0.055311
0 0.754243 0.389063 0.074167 0.089252
0 0.915462 0.326524 0.078567 0.068510
0 0.947832 0.383407 0.075424 0.056568
0 0.650534 0.038969 0.086738 0.061596
0 0.531427 0.536769 0.076053 0.045255
0 0.472659 0.566939 0.052797 0.061596
0 0.482401 0.634192 0.057197 0.052797
0 0.154305 0.508485 0.047140 0.064111
0 0.132935 0.713074 0.071025 0.058454
0 0.100566 0.528598 0.062854 0.052797
0 0.026084 0.349466 0.050911 0.054054
0 0.038026 0.436518 0.039598 0.058454
0 0.066310 0.250157 0.078567 0.071653
0 0.165933 0.177247 0.084224 0.060339
0 0.175047 0.057511 0.057197 0.068510
0 0.036455 0.150534 0.062854 0.057197
0 0.043683 0.193903 0.065996 0.032055
0 0.077310 0.891263 0.082967 0.061596
0 0.349780 0.839409 0.096166 0.054683
0 0.400377 0.933690 0.071653 0.052168
0 0.566310 0.942803 0.090509 0.071653
0 0.863922 0.597109 0.065996 0.052797
0 0.951917 0.655877 0.049654 0.072282
0 0.973287 0.472344 0.053426 0.063482
0 0.602766 0.272156 0.061596 0.031427
0 0.857008 0.024827 0.038341 0.048397
0 0.104337 0.032370 0.050283 0.059711
0 0.425204 0.427404 0.042112 0.054054
0 0.767756 0.983030 0.067253 0.033941
0 0.838152 0.982715 0.069767 0.034569
