0 0.180356 0.093151 0.078713 0.083562
0 0.252909 0.167466 0.047228 0.073288
0 0.284052 0.304110 0.080767 0.064384
0 0.167693 0.350000 0.053388 0.080822
0 0.068789 0.464041 0.082820 0.066438
0 0.287474 0.432192 0.056126 0.065753
0 0.341205 0.426027 0.044490 0.058904
0 0.587269 0.512329 0.076660 0.080822
0 0.708077 0.375342 0.104723 0.067123
0 0.462012 0.708904 0.058864 0.047945
0 0.511294 0.730479 0.046543 0.051370
0 0.622861 0.687329 0.062971 0.040411
0 0.656057 0.718836 0.054073 0.051370
0 0.972964 0.791781 0.054073 0.060274
0 0.181040 0.836644 0.117043 0.081507
0 0.351129 0.764726 0.083504 0.059589
0 0.398015 0.833562 0.078713 0.063014
0 0.456879 0.859589 0.073238 0.061644
0 0.428816 0.927740 0.058179 0.060959
