0 0.802270 0.279655 0.101553 0.086150
0 0.905018 0.490391 0.046595 0.074221
0 0.547192 0.120610 0.065711 0.046388
0 0.514038 0.063950 0.056750 0.078860
0 0.548686 0.353877 0.048387 0.103380
0 0.484468 0.452618 0.068100 0.078197
0 0.343190 0.435056 0.051971 0.047051
0 0.261947 0.551027 0.056750 0.076209
0 0.206691 0.704109 0.051374 0.061630
0 0.206093 0.943009 0.034648 0.074221
0 0.057945 0.940358 0.066906 0.072896
0 0.055854 0.417164 0.056750 0.076209
0 0.092593 0.268721 0.046595 0.064281
0 0.262843 0.137840 0.054958 0.067594
0 0.304361 0.327369 0.067503 0.075547
0 0.678315 0.469848 0.074671 0.076872
0 0.872760 0.794235 0.087216 0.096090
0 0.875149 0.594765 0.096774 0.068257
0 0.847372 0.511266 0.038829 0.052353
0 0.599462 0.976143 0.056750 0.047714
