0 0.915743 0.309682 0.050259 0.073910
0 0.822616 0.690687 0.056171 0.068736
0 0.682927 0.829638 0.072432 0.083518
0 0.427938 0.743533 0.065041 0.076866
0 0.366223 0.752402 0.058389 0.076866
0 0.238359 0.660754 0.056911 0.081301
0 0.130820 0.784183 0.091648 0.070953
0 0.034738 0.704730 0.067997 0.074649
0 0.375831 0.612712 0.061345 0.050259
0 0.331116 0.479305 0.050259 0.061345
0 0.258315 0.392461 0.048041 0.065041
0 0.639320 0.271249 0.073910 0.099039
0 0.243533 0.077236 0.076127 0.074649
0 0.210273 0.026977 0.053954 0.027347
0 0.561345 0.098670 0.076127 0.071693
0 0.677753 0.115669 0.082779 0.065780
0 0.869549 0.162602 0.092387 0.091648
0 0.964154 0.128973 0.064302 0.077605
0 0.410939 0.114191 0.060606 0.071693
0 0.392831 0.181449 0.055432 0.058389
0 0.678123 0.021434 0.053954 0.041390
