0 0.385306 0.402200 0.051891 0.064385
0 0.382881 0.693154 0.056741 0.066015
0 0.264064 0.698452 0.039282 0.096170
0 0.177740 0.480848 0.039282 0.061940
0 0.075897 0.537082 0.059651 0.063570
0 0.073715 0.370823 0.060136 0.079870
0 0.072987 0.615729 0.038312 0.066015
0 0.608632 0.826406 0.070805 0.089650
0 0.704898 0.748981 0.062561 0.084760
0 0.853298 0.874898 0.034433 0.075795
0 0.889913 0.949470 0.048497 0.081500
0 0.931620 0.513447 0.044617 0.138549
0 0.952716 0.135697 0.051891 0.092095
0 0.926285 0.257131 0.071775 0.087205
0 0.770854 0.117767 0.056741 0.070905
0 0.606935 0.101059 0.046072 0.094540
0 0.496848 0.071312 0.046072 0.052975
0 0.432590 0.206601 0.049467 0.088835
0 0.262124 0.042380 0.035403 0.083130
0 0.736906 0.191524 0.034433 0.071720
