0 0.713930 0.366501 0.059701 0.066335
0 0.597844 0.378524 0.069652 0.093698
0 0.482172 0.434909 0.082090 0.048922
0 0.450249 0.386816 0.071310 0.052239
0 0.410448 0.476783 0.044776 0.089552
0 0.253317 0.576285 0.097015 0.077944
0 0.350332 0.689469 0.053897 0.097015
0 0.517413 0.756633 0.107794 0.097015
0 0.700249 0.788143 0.092040 0.087065
0 0.871476 0.606965 0.084577 0.089552
0 0.893035 0.781509 0.089552 0.080431
0 0.962272 0.725954 0.065506 0.067164
0 0.128939 0.918325 0.085406 0.073798
0 0.060116 0.769900 0.057214 0.077114
0 0.121061 0.299751 0.076285 0.077114
0 0.040216 0.175373 0.068823 0.070481
0 0.344113 0.311774 0.089552 0.106136
0 0.941957 0.425788 0.086235 0.045605
