0 0.445587 0.268625 0.051976 0.110842
0 0.186248 0.191096 0.048728 0.068443
0 0.111803 0.139915 0.060097 0.079952
0 0.559015 0.513931 0.079589 0.066021
0 0.239848 0.547244 0.086627 0.058752
0 0.095290 0.505451 0.046562 0.064809
0 0.022469 0.520291 0.043855 0.070260
0 0.195994 0.680194 0.055225 0.075106
0 0.213860 0.810115 0.043313 0.055118
0 0.085273 0.812841 0.067677 0.047244
0 0.253113 0.767111 0.056849 0.026045
0 0.308879 0.824955 0.055766 0.036342
0 0.365457 0.972138 0.064970 0.055724
0 0.497834 0.927317 0.062263 0.049667
0 0.477260 0.809812 0.057932 0.050878
0 0.595290 0.827377 0.048186 0.048455
0 0.758798 0.654149 0.057932 0.060569
0 0.872767 0.541793 0.056308 0.045427
0 0.808338 0.430648 0.067136 0.058147
0 0.610179 0.165354 0.056308 0.058147
0 0.548998 0.133858 0.051976 0.070260
0 0.455874 0.141429 0.041148 0.044216
0 0.864375 0.078134 0.073091 0.047244
0 0.970763 0.044518 0.058473 0.057541
0 0.862209 0.878861 0.057932 0.058147
0 0.900920 0.963658 0.050893 0.065415
0 0.214672 0.017565 0.056849 0.033919
