0 0.205189 0.502475 0.101415 0.150990
0 0.354953 0.671411 0.132075 0.102723
0 0.569575 0.608911 0.122642 0.074257
0 0.354363 0.827351 0.142689 0.065594
0 0.166274 0.714728 0.103774 0.110149
0 0.570165 0.506807 0.123821 0.100248
0 0.547170 0.396658 0.087264 0.065594
0 0.722877 0.206064 0.070755 0.073020
0 0.586675 0.262995 0.109670 0.085396
0 0.487028 0.318688 0.106132 0.075495
0 0.387972 0.220916 0.106132 0.077970
0 0.307783 0.321163 0.108491 0.107673
0 0.423939 0.126856 0.128538 0.092822
0 0.912736 0.427599 0.106132 0.112624
0 0.827241 0.797030 0.081368 0.099010
0 0.958726 0.844059 0.082547 0.084158
0 0.956368 0.225248 0.087264 0.091584
0 0.883255 0.055693 0.115566 0.108911
0 0.447524 0.385520 0.102594 0.055693
