0 0.545475 0.468930 0.063443 0.059920
0 0.487134 0.425211 0.044366 0.036396
0 0.408607 0.273635 0.070985 0.073236
0 0.196096 0.100755 0.058563 0.057701
0 0.177462 0.199068 0.025732 0.027963
0 0.265528 0.334887 0.082076 0.051043
0 0.243345 0.389703 0.042147 0.039059
0 0.202751 0.405237 0.052351 0.039059
0 0.208296 0.457390 0.029725 0.045717
0 0.106699 0.590546 0.037711 0.054594
0 0.149512 0.660453 0.045253 0.049711
0 0.263310 0.675322 0.051020 0.055482
0 0.318545 0.709277 0.035492 0.036396
0 0.346495 0.738127 0.026619 0.031957
0 0.306344 0.751443 0.037711 0.036396
0 0.225377 0.809143 0.048802 0.047936
0 0.117347 0.910564 0.032387 0.046605
0 0.072538 0.882379 0.024401 0.040834
0 0.050799 0.772082 0.047471 0.046605
0 0.016415 0.752552 0.031943 0.045717
0 0.271074 0.872836 0.044366 0.042166
0 0.358030 0.910120 0.065661 0.056369
0 0.161713 0.985797 0.063443 0.028407
0 0.144410 0.262761 0.046584 0.031070
0 0.121783 0.306924 0.045697 0.028850
0 0.078305 0.186862 0.046584 0.036396
0 0.325865 0.030848 0.054570 0.059920
0 0.512201 0.235908 0.032387 0.051043
0 0.543256 0.272526 0.043035 0.053262
0 0.573869 0.298713 0.042147 0.039059
0 0.562112 0.339325 0.043478 0.033289
0 0.467169 0.695517 0.039929 0.031070
0 0.408163 0.703285 0.045253 0.046605
0 0.588066 0.731913 0.042147 0.031070
0 0.551020 0.826232 0.056788 0.051043
0 0.598270 0.889481 0.037711 0.044385
0 0.569432 0.920994 0.051020 0.039947
0 0.460071 0.928318 0.058563 0.046605
0 0.643744 0.932312 0.062112 0.025300
0 0.783496 0.920772 0.048802 0.037727
0 0.878217 0.931647 0.032387 0.035508
0 0.850488 0.698846 0.030169 0.037727
0 0.755324 0.517532 0.051020 0.040834
0 0.763310 0.430315 0.042147 0.037727
0 0.838287 0.426320 0.050133 0.043054
0 0.891526 0.444740 0.034161 0.035508
0 0.846051 0.479139 0.043478 0.042166
0 0.922582 0.251443 0.067879 0.046605
0 0.690328 0.177763 0.070985 0.045717
0 0.659272 0.064581 0.044366 0.063471
0 0.468279 0.019530 0.037711 0.038171
0 0.588731 0.192188 0.043478 0.045273
0 0.619787 0.200621 0.021295 0.026631
