0 0.203704 0.381092 0.048733 0.089669
0 0.329435 0.374269 0.085770 0.060429
0 0.276803 0.437135 0.068226 0.045809
0 0.253411 0.647661 0.097466 0.127680
0 0.175926 0.847466 0.092593 0.102339
0 0.521930 0.132066 0.061404 0.069201
0 0.665692 0.092593 0.074074 0.109162
0 0.851365 0.072125 0.096491 0.099415
0 0.762183 0.049220 0.070175 0.090643
0 0.825536 0.324561 0.076023 0.095517
0 0.653021 0.464912 0.060429 0.068226
0 0.610136 0.463938 0.027290 0.048733
0 0.632066 0.612086 0.041910 0.091618
0 0.589669 0.616959 0.027290 0.068226
0 0.696881 0.528265 0.081871 0.074074
0 0.812378 0.504386 0.096491 0.069201
0 0.967836 0.528265 0.064327 0.083821
0 0.963938 0.627680 0.062378 0.115010
0 0.926901 0.771442 0.105263 0.096491
0 0.822125 0.777778 0.082846 0.091618
0 0.741228 0.715400 0.078947 0.070175
0 0.789961 0.859162 0.104288 0.080897
0 0.614522 0.966374 0.117934 0.067251
0 0.486355 0.964912 0.101365 0.070175
0 0.241715 0.729045 0.068226 0.056530
0 0.972710 0.026803 0.054581 0.051657
0 0.980507 0.155458 0.038986 0.053606
0 0.948830 0.284600 0.061404 0.077973
0 0.961988 0.354776 0.076023 0.089669
