0 0.644860 0.280374 0.061682 0.082243
0 0.560748 0.219626 0.084112 0.085981
0 0.400000 0.333178 0.085981 0.118692
0 0.322897 0.514019 0.107477 0.093458
0 0.587383 0.600000 0.086916 0.089720
0 0.702336 0.675234 0.060748 0.077570
0 0.760748 0.547196 0.106542 0.066355
0 0.718692 0.447196 0.102804 0.079439
0 0.965888 0.214019 0.068224 0.130841
0 0.871028 0.064953 0.080374 0.105607
0 0.422897 0.875234 0.077570 0.092523
0 0.660280 0.870561 0.077570 0.107477
0 0.742523 0.884579 0.066355 0.092523
0 0.797664 0.763551 0.094393 0.104673
0 0.986916 0.851402 0.026168 0.069159
0 0.329907 0.934112 0.078505 0.070093
0 0.257944 0.971963 0.052336 0.056075
0 0.212617 0.632243 0.107477 0.036449
0 0.148598 0.584579 0.080374 0.043925
0 0.151402 0.495327 0.087850 0.085981
0 0.113084 0.395327 0.074766 0.099065
0 0.065421 0.288318 0.087850 0.083178
0 0.180374 0.341121 0.041121 0.044860
0 0.285981 0.336449 0.074766 0.095327
0 0.370093 0.047664 0.063551 0.093458
0 0.060748 0.079439 0.100935 0.097196
0 0.054206 0.823364 0.093458 0.074766
0 0.014486 0.727570 0.027103 0.064486
