0 0.901288 0.365163 0.084120 0.110365
0 0.811588 0.256238 0.079828 0.078695
0 0.891416 0.159309 0.076395 0.053743
0 0.718026 0.140115 0.105579 0.072937
0 0.677253 0.220729 0.072103 0.078695
0 0.546352 0.269194 0.067811 0.110365
0 0.592704 0.417466 0.086695 0.111324
0 0.424893 0.472169 0.123605 0.109405
0 0.329614 0.744242 0.075536 0.125720
0 0.587554 0.645873 0.072961 0.095969
0 0.658798 0.722649 0.091845 0.094050
0 0.586266 0.773512 0.048069 0.088292
0 0.829185 0.901152 0.094421 0.099808
0 0.696567 0.931382 0.076395 0.116123
0 0.295279 0.862764 0.078970 0.067179
0 0.231330 0.846929 0.057511 0.091171
0 0.144206 0.780710 0.085837 0.112284
0 0.271245 0.367562 0.073820 0.078695
0 0.362661 0.300864 0.086695 0.087332
0 0.383262 0.230326 0.079828 0.059501
0 0.278970 0.282630 0.085837 0.087332
0 0.269528 0.088292 0.061803 0.080614
0 0.319742 0.117083 0.062661 0.046065
0 0.162661 0.075336 0.069528 0.089251
0 0.075107 0.186180 0.083262 0.059501
0 0.098283 0.120441 0.083262 0.079655
0 0.049356 0.320058 0.096996 0.104607
0 0.137768 0.536948 0.066094 0.079655
0 0.250215 0.563340 0.066094 0.069098
0 0.262232 0.609405 0.036910 0.059501
0 0.024034 0.575336 0.046352 0.077735
0 0.379828 0.024952 0.117597 0.047985
0 0.766953 0.057102 0.098712 0.066219
