0 0.629373 0.254009 0.088192 0.072157
0 0.780612 0.186953 0.055394 0.053207
0 0.603134 0.087099 0.057580 0.063411
0 0.469752 0.103499 0.069242 0.083090
0 0.518586 0.223761 0.073615 0.040816
0 0.883017 0.344752 0.085277 0.040816
0 0.848761 0.418732 0.067784 0.043003
0 0.811224 0.499636 0.069971 0.063411
0 0.895773 0.625364 0.099125 0.068513
0 0.663994 0.585277 0.058309 0.058309
0 0.703353 0.448251 0.072886 0.056851
0 0.525146 0.458090 0.085277 0.060496
0 0.407070 0.401239 0.026968 0.086735
0 0.306487 0.456633 0.051749 0.070700
0 0.144679 0.511297 0.096939 0.064869
0 0.087828 0.421647 0.086735 0.069242
0 0.149781 0.366983 0.069242 0.045918
0 0.215015 0.622813 0.049563 0.063411
0 0.309767 0.603134 0.078717 0.061953
0 0.373178 0.704446 0.068513 0.080904
0 0.277697 0.763848 0.083090 0.064140
0 0.317420 0.690233 0.029883 0.045190
0 0.421647 0.771137 0.083819 0.051020
0 0.532070 0.762026 0.064140 0.076531
0 0.658528 0.686224 0.080904 0.061953
0 0.756195 0.732872 0.075073 0.057580
0 0.778426 0.835641 0.064140 0.047376
0 0.685860 0.871720 0.081633 0.068513
0 0.567420 0.909257 0.070700 0.061953
0 0.381560 0.979592 0.089650 0.040816
0 0.124271 0.853499 0.067784 0.053936
0 0.088557 0.966108 0.066327 0.060496
0 0.934038 0.881924 0.088192 0.059767
0 0.197886 0.147595 0.066327 0.051749
0 0.981414 0.305758 0.037172 0.059038
0 0.438411 0.606778 0.067784 0.070700
0 0.395044 0.541910 0.081633 0.060496
