0 0.501802 0.412088 0.100937 0.089482
0 0.309301 0.397567 0.073540 0.072998
0 0.242249 0.286892 0.074982 0.058870
0 0.022711 0.127159 0.043980 0.053375
0 0.096611 0.545918 0.046143 0.057300
0 0.149603 0.598901 0.052632 0.100471
0 0.165826 0.793171 0.085076 0.062009
0 0.066330 0.892072 0.066330 0.121664
0 0.252343 0.849294 0.038933 0.064364
0 0.426460 0.669152 0.091565 0.074568
0 0.498919 0.780220 0.062004 0.109890
0 0.642754 0.835557 0.093006 0.087127
0 0.309661 0.977237 0.085797 0.039246
0 0.822639 0.866562 0.093727 0.064364
0 0.961428 0.691523 0.064167 0.084772
0 0.968637 0.853611 0.033886 0.098116
0 0.560562 0.574176 0.056957 0.101256
0 0.605263 0.487441 0.074261 0.050235
0 0.736482 0.475667 0.054074 0.127159
0 0.827686 0.474097 0.041817 0.086342
0 0.946287 0.069074 0.082913 0.105181
0 0.401226 0.039246 0.072819 0.070644
