0 0.449569 0.534052 0.088793 0.093966
0 0.569397 0.632328 0.087069 0.071552
0 0.468966 0.654741 0.070690 0.073276
0 0.287931 0.673707 0.098276 0.088793
0 0.258621 0.570259 0.048276 0.037069
0 0.299138 0.495259 0.081034 0.056034
0 0.167241 0.631466 0.091379 0.081897
0 0.190948 0.677155 0.056034 0.042241
0 0.131466 0.845259 0.071552 0.054310
0 0.699138 0.622414 0.070690 0.063793
0 0.956466 0.698276 0.087069 0.112069
0 0.947845 0.444828 0.088793 0.101724
0 0.883190 0.276293 0.059483 0.040517
0 0.672845 0.044828 0.075000 0.077586
0 0.545690 0.041379 0.067241 0.081034
0 0.431034 0.036207 0.055172 0.070690
0 0.057328 0.418103 0.112931 0.060345
0 0.045259 0.250431 0.062931 0.093966
0 0.702155 0.963362 0.075000 0.073276
