0 0.536924 0.361092 0.092818 0.079181
0 0.337737 0.516382 0.069783 0.063481
0 0.269648 0.329693 0.067751 0.062799
0 0.213076 0.475427 0.069783 0.077133
0 0.133469 0.509215 0.039295 0.055973
0 0.261856 0.734812 0.058943 0.071672
0 0.245596 0.863481 0.045393 0.079181
0 0.174458 0.889420 0.058943 0.079181
0 0.068767 0.974061 0.056233 0.051877
0 0.022696 0.848805 0.044038 0.063481
0 0.020664 0.743686 0.039973 0.082594
0 0.114160 0.729010 0.067073 0.064164
0 0.446138 0.590102 0.103659 0.070307
0 0.451897 0.704096 0.058266 0.090785
0 0.499322 0.863140 0.054201 0.063481
0 0.737466 0.664846 0.083333 0.046416
0 0.676152 0.713993 0.074526 0.087372
0 0.773035 0.449829 0.077236 0.051877
0 0.872967 0.741638 0.048103 0.078498
0 0.731030 0.791809 0.107046 0.050512
0 0.789295 0.892491 0.044715 0.075768
0 0.872290 0.882935 0.064363 0.074403
0 0.940041 0.959727 0.064363 0.080546
0 0.952236 0.817747 0.075203 0.068259
0 0.967141 0.692150 0.037263 0.073720
0 0.929201 0.390785 0.077913 0.105802
0 0.762534 0.274744 0.079268 0.082594
0 0.907859 0.225256 0.085366 0.060068
0 0.888889 0.087713 0.088076 0.053925
0 0.682249 0.106143 0.084011 0.064846
0 0.564363 0.097611 0.069106 0.066894
0 0.612466 0.045392 0.055556 0.041638
0 0.398713 0.098976 0.084688 0.068259
0 0.249661 0.075427 0.096883 0.089420
0 0.047087 0.327986 0.069783 0.052560
0 0.101965 0.032765 0.042683 0.064164
