0 0.902185 0.387525 0.052029 0.069745
0 0.861082 0.370088 0.039542 0.056483
0 0.592352 0.609283 0.102497 0.074165
0 0.362383 0.498035 0.070239 0.039293
0 0.458897 0.212917 0.101977 0.050589
0 0.344953 0.344548 0.123829 0.073183
0 0.333247 0.443271 0.077523 0.050589
0 0.474506 0.757613 0.061394 0.054519
0 0.669875 0.763016 0.043184 0.054519
0 0.639958 0.837672 0.093652 0.064342
0 0.059834 0.930747 0.043704 0.038310
0 0.107440 0.812132 0.046306 0.061395
0 0.136056 0.644401 0.046306 0.049116
0 0.174298 0.729126 0.064516 0.034872
0 0.104058 0.505648 0.062435 0.054519
0 0.101717 0.358055 0.069199 0.060904
0 0.126431 0.207515 0.059313 0.052554
0 0.203954 0.177554 0.042664 0.051572
0 0.183143 0.129420 0.052029 0.042731
0 0.022633 0.086444 0.044225 0.048134
0 0.466441 0.103635 0.058793 0.050098
0 0.166493 0.071464 0.053070 0.044695
0 0.547347 0.359283 0.059313 0.043713
0 0.706296 0.214637 0.050468 0.040275
0 0.869927 0.036837 0.070760 0.049116
0 0.955515 0.603143 0.070239 0.075639
0 0.962279 0.671906 0.054631 0.047151
0 0.355879 0.650540 0.064516 0.084971
0 0.305671 0.749018 0.056712 0.058939
0 0.438606 0.806729 0.072841 0.036837
0 0.640219 0.974214 0.067118 0.051572
0 0.890739 0.942043 0.093652 0.060904
0 0.958897 0.068762 0.054110 0.050098
0 0.334547 0.027259 0.049948 0.052554
