0 0.584948 0.331967 0.062593 0.051416
0 0.481371 0.338301 0.078987 0.117735
0 0.372578 0.395306 0.046200 0.051416
0 0.350596 0.352086 0.051416 0.040984
0 0.247019 0.282042 0.085693 0.091654
0 0.164680 0.519374 0.093890 0.058122
0 0.253726 0.612891 0.084203 0.090164
0 0.396423 0.682563 0.105812 0.086438
0 0.570045 0.708644 0.096870 0.086438
0 0.729136 0.545827 0.076751 0.072280
0 0.802906 0.654620 0.075261 0.058867
0 0.747765 0.705291 0.063338 0.069300
0 0.884128 0.721311 0.093145 0.068554
0 0.795082 0.387109 0.073025 0.045455
0 0.426602 0.962742 0.085693 0.074516
0 0.175112 0.956781 0.105812 0.050671
0 0.079359 0.907601 0.081222 0.065574
0 0.043219 0.828241 0.078987 0.066319
0 0.709762 0.984352 0.106557 0.031297
0 0.961997 0.906110 0.076006 0.058122
0 0.311475 0.422504 0.070045 0.070045
0 0.053279 0.269747 0.066319 0.074516
