0 0.442616 0.404720 0.129004 0.123776
0 0.266904 0.326803 0.078292 0.101514
0 0.333185 0.105966 0.075623 0.094390
0 0.165480 0.208816 0.085409 0.113090
0 0.833630 0.242208 0.106762 0.083704
0 0.914591 0.362867 0.087189 0.095280
0 0.854982 0.427427 0.083630 0.096171
0 0.645907 0.427872 0.099644 0.070347
0 0.815391 0.776492 0.093416 0.083704
0 0.476868 0.733304 0.072954 0.088157
0 0.551601 0.971060 0.072954 0.057881
0 0.417705 0.921193 0.075623 0.097061
0 0.283363 0.971060 0.077402 0.057881
0 0.180160 0.732858 0.086299 0.062333
0 0.110320 0.868210 0.083630 0.097952
0 0.030249 0.968388 0.058719 0.063224
0 0.064947 0.665183 0.092527 0.058771
0 0.034253 0.572128 0.066726 0.088157
0 0.021797 0.786287 0.041815 0.083704
0 0.408363 0.055654 0.048043 0.063224
0 0.914591 0.050757 0.090747 0.076581
