0 0.605866 0.330007 0.077546 0.071693
0 0.841200 0.260532 0.091032 0.076127
0 0.681052 0.238359 0.094403 0.056911
0 0.612610 0.182188 0.080243 0.059867
0 0.434592 0.049150 0.080243 0.084996
0 0.274107 0.229120 0.041133 0.065041
0 0.157788 0.212860 0.070128 0.076866
0 0.072151 0.083149 0.070128 0.089431
0 0.281187 0.363636 0.060688 0.056171
0 0.070802 0.428677 0.075523 0.047302
0 0.136885 0.687731 0.071477 0.045085
0 0.202293 0.818551 0.099798 0.079084
0 0.358732 0.865854 0.047202 0.068736
0 0.458867 0.783814 0.065408 0.084996
0 0.599123 0.594974 0.069454 0.087214
0 0.467970 0.612712 0.071477 0.078344
0 0.537424 0.492239 0.067431 0.065041
0 0.654080 0.492979 0.078220 0.050259
0 0.780512 0.507021 0.069454 0.051737
0 0.731288 0.574649 0.074848 0.055432
0 0.972016 0.419438 0.055968 0.036216
0 0.630816 0.020325 0.060013 0.039172
0 0.978422 0.694752 0.043156 0.081301
0 0.474713 0.973762 0.048550 0.052476
0 0.551247 0.984109 0.031693 0.031781
