0 0.743299 0.345434 0.120275 0.102545
0 0.587629 0.571108 0.074227 0.071856
0 0.543643 0.651572 0.085223 0.065120
0 0.424399 0.422156 0.066667 0.107784
0 0.439863 0.180389 0.076976 0.076347
0 0.394502 0.105913 0.079725 0.071108
0 0.112371 0.190120 0.081787 0.071856
0 0.148110 0.409805 0.085911 0.096557
0 0.200687 0.522081 0.083849 0.062126
0 0.105498 0.657560 0.090034 0.081587
0 0.040893 0.835704 0.063918 0.059132
0 0.805842 0.926647 0.103780 0.100299
0 0.812027 0.701722 0.120275 0.089072
0 0.853265 0.584955 0.074914 0.081587
0 0.783505 0.614147 0.037113 0.075599
