0 0.464182 0.417715 0.084221 0.101646
0 0.378993 0.623911 0.086157 0.117135
0 0.539206 0.675218 0.089061 0.066796
0 0.831559 0.470474 0.127783 0.081317
0 0.718780 0.779284 0.121007 0.087125
0 0.706680 0.938529 0.085189 0.119071
0 0.440949 0.969506 0.088093 0.060987
0 0.249758 0.673282 0.065828 0.084221
0 0.051307 0.545499 0.085189 0.140368
0 0.129719 0.409003 0.098742 0.060987
0 0.416263 0.055179 0.110358 0.108422
0 0.636496 0.091965 0.101646 0.092933
0 0.863020 0.085189 0.093901 0.081317
0 0.229913 0.972894 0.045499 0.054211
0 0.073572 0.982091 0.083253 0.035818
0 0.023717 0.333979 0.045499 0.046467
