0 0.532107 0.516054 0.070234 0.062207
0 0.447157 0.525753 0.075585 0.062876
0 0.352174 0.566890 0.063545 0.052843
0 0.292977 0.593311 0.040134 0.074916
0 0.318395 0.528428 0.072241 0.044147
0 0.247157 0.462542 0.076923 0.074247
0 0.059866 0.451171 0.095652 0.068896
0 0.013712 0.340134 0.026087 0.063545
0 0.166890 0.680268 0.087625 0.060201
0 0.245819 0.769900 0.059532 0.072241
0 0.369900 0.829097 0.096321 0.087625
0 0.530769 0.849833 0.087625 0.060870
0 0.660870 0.708361 0.081605 0.058863
0 0.735117 0.802676 0.054849 0.050836
0 0.676254 0.839465 0.060201 0.077592
0 0.805686 0.860201 0.078261 0.052174
0 0.067224 0.947826 0.080936 0.066890
0 0.656522 0.158863 0.060870 0.074247
0 0.561204 0.106020 0.056187 0.075585
0 0.142140 0.063545 0.047492 0.048161
0 0.141806 0.134783 0.048161 0.052843
0 0.200334 0.042809 0.075585 0.054849
0 0.969565 0.240803 0.060870 0.073579
0 0.984281 0.125084 0.031438 0.089632
0 0.726087 0.565552 0.050167 0.052843
