0 0.558891 0.364783 0.081601 0.105217
0 0.665512 0.363478 0.050038 0.083478
0 0.873749 0.422609 0.066205 0.043478
0 0.807159 0.609130 0.079292 0.079130
0 0.883372 0.733043 0.088530 0.071304
0 0.826790 0.798261 0.066205 0.069565
0 0.958045 0.823913 0.083911 0.063478
0 0.652040 0.793043 0.084681 0.088696
0 0.473441 0.776087 0.098537 0.098261
0 0.320246 0.693043 0.075443 0.092174
0 0.110470 0.933478 0.093149 0.060000
0 0.051193 0.778696 0.059276 0.094783
0 0.240570 0.583043 0.102386 0.066957
0 0.375674 0.470000 0.052348 0.075652
0 0.435335 0.422609 0.065435 0.041739
0 0.419938 0.378696 0.057737 0.039130
0 0.324865 0.299565 0.075443 0.094783
0 0.108930 0.285652 0.071594 0.084348
0 0.038491 0.156087 0.075443 0.073913
