0 0.444175 0.269417 0.131068 0.140777
0 0.662015 0.123180 0.105583 0.112864
0 0.774879 0.196602 0.108010 0.099515
0 0.864684 0.407160 0.125000 0.103155
0 0.905340 0.539442 0.126214 0.095874
0 0.848908 0.712379 0.081311 0.111650
0 0.695995 0.605583 0.122573 0.123786
0 0.344053 0.509102 0.112864 0.108010
0 0.305825 0.259709 0.077670 0.099515
0 0.207524 0.438714 0.080097 0.093447
0 0.137136 0.492112 0.116505 0.103155
0 0.131068 0.589199 0.109223 0.081311
0 0.223301 0.651092 0.075243 0.057039
0 0.779733 0.939320 0.093447 0.087379
0 0.962985 0.811286 0.074029 0.149272
0 0.177791 0.302184 0.061893 0.094660
0 0.075243 0.353762 0.075243 0.137136
0 0.030947 0.202670 0.059466 0.109223
0 0.032160 0.899272 0.061893 0.116505
0 0.488471 0.959345 0.122573 0.081311
0 0.890777 0.959345 0.060680 0.081311
