0 0.320401 0.530769 0.089632 0.059532
0 0.237793 0.465217 0.068896 0.099666
0 0.060535 0.457860 0.063545 0.075585
0 0.009699 0.348161 0.018060 0.071572
0 0.141137 0.148495 0.066890 0.060201
0 0.142140 0.058863 0.048829 0.060201
0 0.210033 0.040134 0.066890 0.056187
0 0.556187 0.096990 0.042140 0.060201
0 0.649498 0.166221 0.068227 0.075585
0 0.541472 0.513043 0.047492 0.061538
0 0.450167 0.524080 0.061538 0.072910
0 0.341806 0.565552 0.038796 0.046154
0 0.291973 0.594983 0.042140 0.064883
0 0.164883 0.677592 0.063545 0.054849
0 0.240803 0.773579 0.070903 0.079599
0 0.377926 0.825418 0.100334 0.085619
0 0.521405 0.847492 0.075585 0.052174
0 0.681271 0.848161 0.050167 0.057525
0 0.733110 0.798328 0.060201 0.043478
0 0.803344 0.858528 0.084281 0.056856
0 0.667559 0.697324 0.066890 0.060870
0 0.727759 0.571237 0.052174 0.057525
0 0.974916 0.245151 0.050167 0.086288
0 0.979264 0.116722 0.041472 0.054181
0 0.056856 0.945819 0.080268 0.056187
0 0.016722 0.827759 0.024080 0.067559
