0 0.413300 0.101970 0.077833 0.079803
0 0.181281 0.058621 0.132020 0.075862
0 0.213300 0.260591 0.111330 0.089655
0 0.226108 0.488670 0.079803 0.118227
0 0.375369 0.524138 0.108374 0.108374
0 0.554187 0.492611 0.079803 0.108374
0 0.437931 0.685714 0.087685 0.074877
0 0.595567 0.728079 0.129064 0.088670
0 0.794089 0.638916 0.106404 0.081773
0 0.778325 0.397044 0.065025 0.070936
0 0.882759 0.182266 0.084729 0.088670
0 0.951232 0.310837 0.097537 0.058128
0 0.298522 0.921182 0.063054 0.082759
0 0.154187 0.973399 0.058128 0.053202
0 0.697537 0.975862 0.082759 0.048276
0 0.888670 0.951724 0.084729 0.061084
0 0.923153 0.854187 0.078818 0.057143
0 0.020197 0.341872 0.038424 0.076847
0 0.023645 0.578325 0.045320 0.055172
