0 0.337437 0.221579 0.089790 0.076756
0 0.141564 0.206372 0.080377 0.049240
0 0.073497 0.099928 0.084721 0.065170
0 0.555757 0.278421 0.078928 0.083273
0 0.423244 0.287835 0.057205 0.047067
0 0.448226 0.326213 0.041999 0.029689
0 0.385952 0.354091 0.055033 0.063722
0 0.258146 0.456553 0.060101 0.077480
0 0.338885 0.543809 0.059377 0.081101
0 0.481535 0.610427 0.081101 0.082549
0 0.640840 0.636495 0.083997 0.069515
0 0.813541 0.635409 0.057205 0.071687
0 0.798335 0.480449 0.080377 0.057205
0 0.862056 0.324403 0.057205 0.046343
0 0.860608 0.579652 0.048516 0.038378
0 0.941709 0.650253 0.070239 0.059377
0 0.779870 0.921434 0.089790 0.065894
0 0.505069 0.874004 0.060101 0.068067
0 0.255974 0.877625 0.074584 0.044895
0 0.169080 0.821868 0.077480 0.057929
0 0.135771 0.743302 0.083273 0.052860
0 0.080739 0.612600 0.045619 0.057929
0 0.027154 0.559015 0.052860 0.089790
0 0.032947 0.867487 0.047067 0.079652
0 0.126720 0.920348 0.063722 0.081101
0 0.199131 0.972122 0.055033 0.055757
0 0.657133 0.267560 0.064446 0.061550
