0 0.596988 0.361265 0.080088 0.068140
0 0.842028 0.257827 0.085231 0.057704
0 0.960691 0.354205 0.068332 0.088398
0 0.923953 0.531921 0.078619 0.075506
0 0.860397 0.732965 0.036738 0.056476
0 0.785452 0.804174 0.072006 0.052793
0 0.649155 0.956108 0.103600 0.058318
0 0.520573 0.945979 0.056576 0.042971
0 0.415136 0.915285 0.029390 0.040516
0 0.254960 0.903622 0.079353 0.062615
0 0.396767 0.827808 0.080823 0.055862
0 0.404482 0.618171 0.055107 0.079804
0 0.254960 0.705648 0.070536 0.046041
0 0.226672 0.594843 0.077149 0.066298
0 0.175606 0.654082 0.061719 0.039902
0 0.109478 0.670043 0.060250 0.073051
0 0.203894 0.976366 0.052168 0.034991
0 0.307862 0.985574 0.038207 0.019030
0 0.247979 0.215470 0.069802 0.067526
0 0.151359 0.177716 0.099927 0.044813
0 0.086334 0.294966 0.077149 0.064457
0 0.331374 0.095150 0.049963 0.069982
0 0.254592 0.074586 0.093314 0.058318
0 0.973916 0.127379 0.052168 0.058318
