0 0.678771 0.077165 0.071229 0.071927
0 0.561103 0.444134 0.053771 0.069832
0 0.754888 0.491620 0.064246 0.034916
0 0.685056 0.639665 0.075419 0.086592
0 0.763966 0.738827 0.079609 0.055866
0 0.827165 0.810056 0.080307 0.048883
0 0.706704 0.789804 0.050279 0.074022
0 0.546089 0.792249 0.076816 0.056564
0 0.380936 0.771299 0.099860 0.078911
0 0.249302 0.706355 0.100559 0.081704
0 0.173184 0.619763 0.074022 0.071927
0 0.306564 0.523743 0.053073 0.060056
0 0.360335 0.500000 0.060056 0.037709
0 0.341131 0.459497 0.063547 0.040503
0 0.245810 0.383380 0.069832 0.083799
0 0.059358 0.376746 0.069832 0.046788
0 0.466830 0.453212 0.097067 0.071229
0 0.910964 0.972416 0.092877 0.055168
0 0.150140 0.055517 0.072626 0.041201
0 0.055168 0.900140 0.108939 0.054469
0 0.090084 0.976257 0.093575 0.046089
