0 0.654181 0.156522 0.070903 0.061538
0 0.555518 0.094649 0.044816 0.082274
0 0.210033 0.042140 0.090970 0.045485
0 0.148161 0.064214 0.050167 0.053512
0 0.148161 0.147492 0.059532 0.047492
0 0.242140 0.463211 0.066890 0.082274
0 0.448829 0.524080 0.058863 0.074247
0 0.537793 0.507692 0.048161 0.061538
0 0.726756 0.560870 0.068896 0.048829
0 0.667893 0.703010 0.066221 0.068227
0 0.733779 0.797659 0.065552 0.058194
0 0.802676 0.862207 0.092308 0.060201
0 0.675585 0.841472 0.061538 0.080268
0 0.535452 0.850502 0.080936 0.082274
0 0.373579 0.825753 0.078261 0.098328
0 0.248829 0.767893 0.066890 0.080268
0 0.169565 0.670569 0.088963 0.078261
0 0.059532 0.458194 0.078930 0.085619
0 0.973244 0.246154 0.053512 0.084281
0 0.061204 0.959532 0.068896 0.080936
0 0.020736 0.828763 0.040134 0.065552
0 0.296321 0.604348 0.044147 0.087625
0 0.353846 0.575585 0.060201 0.046154
0 0.315050 0.533110 0.054849 0.037458
