0 0.447954 0.402048 0.112989 0.129118
0 0.643683 0.432769 0.105872 0.071238
0 0.851423 0.431434 0.087189 0.084595
0 0.921708 0.361086 0.072954 0.065004
0 0.974644 0.459038 0.050712 0.084595
0 0.818060 0.785841 0.102313 0.073909
0 0.478203 0.730632 0.075623 0.077471
0 0.552491 0.968388 0.071174 0.063224
0 0.418594 0.920748 0.075623 0.087266
0 0.184164 0.732413 0.083630 0.068566
0 0.300712 0.971505 0.053381 0.056990
0 0.100089 0.870882 0.073843 0.119323
0 0.059609 0.663847 0.090747 0.073909
0 0.038701 0.565004 0.075623 0.061443
0 0.031584 0.975067 0.061388 0.049866
0 0.019573 0.790739 0.037367 0.073019
0 0.261566 0.337934 0.067616 0.102404
0 0.175712 0.211042 0.107651 0.067676
0 0.330071 0.104630 0.065836 0.088157
0 0.397687 0.049866 0.078292 0.060552
0 0.915480 0.055654 0.055160 0.054319
0 0.840302 0.242208 0.075623 0.083704
