0 0.678002 0.418976 0.062972 0.067170
0 0.571369 0.429051 0.096558 0.080605
0 0.442905 0.489505 0.054576 0.065491
0 0.413098 0.438287 0.060453 0.031906
0 0.311083 0.358942 0.101595 0.093199
0 0.079765 0.348447 0.083963 0.070529
0 0.232158 0.625945 0.103275 0.084803
0 0.309404 0.740134 0.076406 0.108312
0 0.471033 0.810663 0.117548 0.104954
0 0.675063 0.839211 0.083963 0.074727
0 0.847187 0.659950 0.087322 0.073887
0 0.933249 0.774559 0.083123 0.068010
0 0.867758 0.835432 0.069689 0.080605
0 0.920655 0.485726 0.073048 0.054576
0 0.083543 0.964736 0.103275 0.048699
0 0.019312 0.823678 0.036944 0.067170
0 0.374475 0.515533 0.052057 0.067170
0 0.023929 0.217045 0.046180 0.083123
