0 0.461810 0.265254 0.036585 0.030829
0 0.285944 0.324984 0.082798 0.082209
0 0.064506 0.177906 0.073813 0.055234
0 0.046213 0.263648 0.057766 0.073860
0 0.094994 0.071933 0.055199 0.044958
0 0.128691 0.570328 0.069961 0.069364
0 0.295250 0.480411 0.055199 0.056519
0 0.502246 0.542389 0.057125 0.061015
0 0.534660 0.588311 0.064185 0.055234
0 0.575417 0.543674 0.059692 0.063584
0 0.761232 0.624277 0.055199 0.041105
0 0.637035 0.500000 0.028883 0.028902
0 0.637677 0.756904 0.054557 0.077714
0 0.540436 0.753693 0.071887 0.053308
0 0.513479 0.859666 0.057766 0.066153
0 0.433569 0.934168 0.049422 0.044316
0 0.934852 0.967245 0.046855 0.042389
0 0.946406 0.289338 0.051990 0.077714
0 0.905648 0.101798 0.056483 0.036609
0 0.875802 0.032113 0.063543 0.047527
0 0.615854 0.206808 0.058408 0.047527
0 0.567394 0.352922 0.064185 0.044316
0 0.492298 0.021837 0.051348 0.032113
0 0.242940 0.081888 0.045571 0.036609
