0 0.464491 0.527209 0.069098 0.083867
0 0.558861 0.511204 0.050544 0.063380
0 0.726807 0.558579 0.071657 0.030090
0 0.670825 0.693342 0.085093 0.056338
0 0.739283 0.782010 0.060781 0.037772
0 0.803583 0.850832 0.070377 0.039693
0 0.689699 0.832266 0.065259 0.053777
0 0.535829 0.828425 0.065899 0.057618
0 0.399552 0.813060 0.106846 0.067862
0 0.267754 0.759923 0.068458 0.064020
0 0.204734 0.673496 0.072937 0.040973
0 0.318938 0.595070 0.063340 0.048015
0 0.343250 0.528169 0.036468 0.042254
0 0.364363 0.562100 0.042866 0.025608
0 0.257518 0.470871 0.083813 0.080026
0 0.086692 0.452305 0.079974 0.050576
0 0.034869 0.356914 0.059501 0.067222
0 0.175624 0.159731 0.054383 0.050576
0 0.183301 0.084507 0.045425 0.057618
0 0.243122 0.052177 0.048624 0.027529
0 0.574856 0.116837 0.051823 0.051857
0 0.659309 0.176697 0.053103 0.069142
0 0.971849 0.252241 0.056302 0.088348
0 0.976967 0.123880 0.046065 0.076184
0 0.044786 0.821063 0.061420 0.068502
0 0.098848 0.932778 0.077415 0.047375
