0 0.556508 0.358597 0.097483 0.047670
0 0.657740 0.383771 0.069630 0.065881
0 0.805838 0.147027 0.046599 0.064810
0 0.785753 0.044992 0.065345 0.061061
0 0.522228 0.315479 0.067488 0.042849
0 0.550616 0.928495 0.065345 0.077665
0 0.717193 0.868773 0.051419 0.053562
0 0.833423 0.776111 0.051419 0.041778
0 0.717193 0.703803 0.066417 0.056776
0 0.721478 0.816015 0.057847 0.058382
0 0.927424 0.920461 0.079807 0.061596
0 0.358864 0.922067 0.055704 0.044456
0 0.299411 0.955544 0.052491 0.050348
0 0.222817 0.936261 0.054633 0.062132
0 0.348420 0.778522 0.074451 0.074451
0 0.188270 0.720407 0.081950 0.054633
0 0.925549 0.491966 0.076058 0.072309
0 0.958757 0.373862 0.047134 0.056776
0 0.470809 0.761918 0.043921 0.045528
0 0.426085 0.733262 0.032673 0.052491
0 0.429834 0.674344 0.060525 0.054633
0 0.503482 0.619979 0.054633 0.036958
0 0.370380 0.601232 0.070166 0.057311
0 0.260846 0.580075 0.052491 0.053562
0 0.407338 0.501607 0.065881 0.072309
0 0.379754 0.379754 0.055704 0.051419
0 0.794322 0.320568 0.054633 0.026245
0 0.546867 0.401982 0.047134 0.029459
0 0.319764 0.318693 0.050348 0.057847
0 0.250134 0.341725 0.041778 0.055704
0 0.231923 0.431441 0.057847 0.031601
0 0.347349 0.476701 0.041243 0.069630
0 0.481253 0.543385 0.044456 0.045528
0 0.223889 0.215854 0.063203 0.064274
0 0.179700 0.249598 0.029459 0.055704
0 0.116497 0.386449 0.072309 0.048741
0 0.154794 0.462775 0.052491 0.051419
0 0.112480 0.588645 0.058918 0.051419
0 0.132566 0.632566 0.075522 0.047134
0 0.038565 0.610605 0.049277 0.068559
0 0.063203 0.699518 0.050348 0.056776
0 0.064006 0.807445 0.026245 0.038029
0 0.060793 0.852169 0.030530 0.049277
0 0.035886 0.898232 0.056776 0.053562
0 0.025710 0.387788 0.050348 0.051419
0 0.025710 0.226299 0.050348 0.065881
0 0.080075 0.073648 0.071237 0.086235
0 0.183985 0.046331 0.075522 0.081950
0 0.378950 0.024906 0.072309 0.048741
0 0.673540 0.025442 0.044456 0.049813
