0 0.802146 0.346823 0.105969 0.094554
0 0.516767 0.173601 0.081154 0.061271
0 0.473172 0.096445 0.062374 0.091528
0 0.496982 0.430787 0.060362 0.086989
0 0.430919 0.551059 0.054326 0.100605
0 0.278337 0.526097 0.064386 0.062784
0 0.229712 0.402421 0.079812 0.071104
0 0.192153 0.187973 0.075788 0.071861
0 0.185446 0.661498 0.069081 0.076399
0 0.131791 0.843419 0.081154 0.075643
0 0.658283 0.576399 0.077129 0.071104
0 0.870892 0.941755 0.073105 0.104387
0 0.902750 0.595688 0.046948 0.090015
0 0.870557 0.706884 0.100604 0.073374
0 0.844400 0.622163 0.048290 0.090015
0 0.608987 0.655825 0.085848 0.075643
